location:
  world: world
  x: 222.0603856643754
  y: 885908.5350980315
  z: 79.27928248980977
  pitch: 5.7810755
  yaw: 3.3118896
